Finished orders (Tf, ID, Te, TA, TR, Ts, Tw, Tserv)
1483 89 65 66 66 595 1 888
1477 145 2 3 3 3 1 1474
1475 360 30 31 31 316 1 1159
1474 450 69 70 70 233 1 1241
1471 372 22 23 23 121 1 1350
1457 468 15 16 16 226 1 1231
1455 205 13 14 14 1253 1 202
1451 73 72 73 73 1075 1 376
1450 190 22 23 23 555 1 895
1447 27 37 38 38 127 1 1320
1446 199 69 70 70 905 1 541
1445 173 73 74 74 152 1 1293
1443 398 62 63 63 1392 1 51
1439 444 68 69 69 1432 1 7
1431 154 51 52 52 1431 1 0
1430 340 76 77 77 1428 1 2
1427 177 69 70 70 1426 1 1
1425 287 63 64 64 1425 1 0
1424 79 66 67 67 1424 1 0
1423 90 49 50 50 1421 1 2
1420 379 40 41 41 1420 1 0
1419 234 13 14 14 1419 1 0
1418 383 30 31 31 1412 1 6
1411 279 23 24 24 800 1 611
1400 228 27 28 28 51 1 1349
1397 320 9 10 11 783 1 614
1391 169 6 7 7 1386 1 5
1385 229 42 43 43 1384 1 1
1383 357 32 33 33 1371 1 12
1370 245 11 12 12 1367 1 3
1366 241 7 8 8 1362 1 4
1361 321 26 27 27 1361 1 0
1360 211 32 33 33 1352 1 8
1351 131 65 66 66 1345 1 6
1344 114 28 29 29 1340 1 4
1339 64 54 55 55 1338 1 1
1337 311 46 47 47 1337 1 0
1336 288 14 15 15 1321 1 15
1320 405 11 12 12 1317 1 3
1316 250 59 60 60 1314 1 2
1313 150 52 53 53 1313 1 0
1312 307 65 66 66 1312 1 0
1311 186 49 50 50 1307 1 4
1306 182 32 33 33 1303 1 3
1302 22 75 76 76 1302 1 0
1301 352 39 40 40 1296 1 5
1295 336 14 15 15 1291 1 4
1290 172 30 31 31 1290 1 0
1289 155 35 36 36 1288 1 1
1287 7 45 46 46 1281 1 6
1280 384 74 75 75 1279 1 1
1278 134 70 71 71 1275 1 3
1274 68 62 63 63 1266 1 8
1265 348 40 41 41 1265 1 0
1264 312 72 73 73 1260 1 4
1259 122 56 57 57 1257 1 2
1256 491 66 67 67 1255 1 1
1254 39 26 27 28 382 1 872
1253 70 61 62 62 259 1 994
1252 181 20 21 21 1243 1 9
1242 465 36 37 37 1242 1 0
1241 451 12 13 13 1229 1 12
1228 174 43 44 44 1222 1 6
1221 381 28 29 29 1220 1 1
1219 67 8 9 9 1212 1 7
1211 326 63 64 64 1203 1 8
1202 116 63 64 64 1198 1 4
1197 202 48 49 49 1194 1 3
1193 334 11 12 12 1188 1 5
1187 479 65 66 66 1183 1 4
1182 109 75 76 76 1180 1 2
1179 359 53 54 54 1174 1 5
1173 461 65 66 66 1172 1 1
1171 58 63 64 64 1171 1 0
1170 291 76 77 77 1169 1 1
1168 142 52 53 53 1168 1 0
1167 258 43 44 44 1164 1 3
1163 253 57 58 58 1163 1 0
1162 97 19 20 20 1160 1 2
1159 328 43 44 44 1158 1 1
1157 404 37 38 38 1148 1 9
1147 290 11 12 12 1147 1 0
1146 160 45 46 46 1146 1 0
1145 389 55 56 56 1130 1 15
1129 223 51 52 52 1128 1 1
1127 77 35 36 36 1126 1 1
1125 443 70 71 71 1121 1 4
1120 44 31 32 32 1117 1 3
1116 486 57 58 58 1116 1 0
1115 237 38 39 39 1114 1 1
1113 329 57 58 58 1109 1 4
1108 437 16 17 17 1107 1 1
1106 227 12 13 13 1106 1 0
1105 375 23 24 24 1102 1 3
1101 47 44 45 45 1095 1 6
1094 198 78 79 79 1085 1 9
1084 141 8 9 9 1023 1 61
1082 249 41 42 42 782 1 300
1081 271 56 57 57 581 1 500
1077 56 61 62 62 296 1 781
1074 102 71 72 72 1074 1 0
1073 8 36 37 37 1073 1 0
1072 209 60 61 61 1070 1 2
1069 395 56 57 57 1068 1 1
1067 330 27 28 28 1065 1 2
1064 94 31 32 32 1061 1 3
1060 349 41 42 42 1051 1 9
1050 440 6 7 7 1049 1 1
1048 115 51 52 52 1048 1 0
1047 301 67 68 68 1047 1 0
1046 342 25 26 26 1046 1 0
1045 391 14 15 15 1044 1 1
1043 164 29 30 30 1040 1 3
1039 427 71 72 72 1039 1 0
1038 16 37 38 38 1038 1 0
1037 299 66 67 67 1037 1 0
1036 499 30 31 31 1032 1 4
1031 83 23 24 24 422 1 609
1030 283 32 33 33 248 1 782
1029 233 46 47 47 155 1 874
1022 358 41 42 42 80 1 942
1019 425 7 8 8 978 1 41
1016 156 77 78 78 919 1 97
1015 57 53 54 54 1008 1 7
1006 244 67 68 68 1003 1 3
998 149 14 15 15 995 1 3
994 162 52 53 53 993 1 1
992 274 33 34 34 988 1 4
986 407 26 27 27 984 1 2
981 445 29 30 30 973 1 8
972 380 72 73 73 971 1 1
970 137 8 9 9 970 1 0
968 409 37 38 38 955 1 13
967 170 39 40 40 854 1 113
954 438 34 35 35 948 1 6
946 313 69 70 70 944 1 2
939 471 12 13 13 938 1 1
937 364 54 55 55 935 1 2
933 281 77 78 78 929 1 4
928 240 12 13 13 928 1 0
926 54 40 41 41 924 1 2
922 40 32 33 33 919 1 3
918 232 40 41 41 913 1 5
917 447 50 51 51 915 1 2
912 474 73 74 74 892 1 20
910 213 29 30 30 897 1 13
904 257 36 37 37 903 1 1
901 365 64 65 65 900 1 1
899 121 17 18 18 899 1 0
898 441 29 30 30 892 1 6
896 263 67 68 68 891 1 5
890 458 37 38 38 890 1 0
889 386 50 51 51 888 1 1
888 396 32 33 33 888 1 0
886 153 69 70 70 886 1 0
884 343 56 57 57 884 1 0
883 222 28 29 29 856 1 27
881 374 77 78 78 881 1 0
879 477 59 60 60 876 1 3
872 268 48 49 49 858 1 14
871 272 25 26 26 853 1 18
852 35 26 27 27 693 1 159
851 460 32 33 33 851 1 0
847 119 17 18 18 659 1 188
846 373 25 26 26 844 1 2
845 31 32 33 33 842 1 3
840 195 25 26 26 58 1 782
837 34 62 63 63 837 1 0
834 65 50 51 51 832 1 2
830 442 55 56 56 825 1 5
824 117 29 30 30 821 1 3
819 480 41 42 42 810 1 9
809 215 37 38 38 790 1 19
799 388 75 76 76 792 1 7
791 188 53 54 54 791 1 0
790 236 38 39 39 789 1 1
788 333 7 8 8 703 1 85
787 196 74 75 75 784 1 3
781 87 66 67 67 781 1 0
779 369 43 44 44 744 1 35
778 476 16 17 17 776 1 2
774 304 9 10 10 774 1 0
773 239 75 76 76 772 1 1
771 306 74 75 75 771 1 0
770 284 21 22 22 760 1 10
769 318 35 36 36 765 1 4
763 120 68 69 69 743 1 20
758 50 61 62 62 754 1 4
753 300 78 79 79 748 1 5
747 95 76 77 77 747 1 0
745 350 40 41 41 741 1 4
740 251 74 75 75 732 1 8
739 192 7 8 8 738 1 1
738 18 67 68 68 728 1 10
736 345 49 50 50 734 1 2
726 346 23 24 24 671 1 55
724 11 8 9 9 724 1 0
722 362 55 56 56 722 1 0
720 421 51 52 52 720 1 0
719 124 25 26 26 468 1 251
718 100 31 32 32 718 1 0
714 337 64 65 65 712 1 2
709 402 15 16 16 212 1 497
702 219 41 42 42 697 1 5
696 158 53 54 54 694 1 2
693 166 72 73 73 692 1 1
692 262 38 39 39 675 1 17
691 167 5 6 6 688 1 3
687 66 33 34 34 683 1 4
682 103 31 32 32 680 1 2
679 118 76 77 77 675 1 4
674 285 64 65 65 120 1 554
672 429 77 78 78 653 1 19
666 74 69 70 70 664 1 2
661 108 39 40 40 661 1 0
659 180 49 50 50 654 1 5
657 418 34 35 35 657 1 0
654 452 49 50 50 654 1 0
652 469 26 27 27 645 1 7
651 455 44 45 45 649 1 2
649 487 65 66 66 646 1 3
644 327 49 50 50 314 1 330
642 276 50 51 51 619 1 23
641 488 36 37 37 641 1 0
639 495 9 10 10 633 1 6
632 60 13 14 14 629 1 3
628 69 48 49 49 617 1 11
615 367 26 27 27 606 1 9
610 500 10 11 11 589 1 21
604 19 58 59 59 603 1 1
601 377 49 50 50 597 1 4
596 185 45 46 46 592 1 4
591 2 78 79 79 586 1 5
589 473 41 42 42 588 1 1
584 82 59 60 60 222 1 362
583 392 37 38 38 583 1 0
582 168 54 55 55 582 1 0
580 470 18 19 19 374 1 206
579 55 23 24 24 578 1 1
578 426 45 46 46 571 1 7
576 5 21 22 22 570 1 6
568 338 72 73 73 370 1 198
567 265 40 41 41 565 1 2
563 347 38 39 39 562 1 1
560 86 56 57 57 559 1 1
557 53 22 23 23 553 1 4
552 175 43 44 44 526 1 26
551 28 69 70 70 549 1 2
547 43 40 41 41 546 1 1
542 59 79 80 80 534 1 8
531 25 45 46 46 529 1 2
528 197 70 71 71 528 1 0
524 133 11 12 12 515 1 9
522 293 61 62 62 521 1 1
517 42 29 30 30 506 1 11
510 111 75 76 76 508 1 2
502 269 18 19 19 499 1 3
497 63 60 61 61 497 1 0
496 397 44 45 45 424 1 72
493 280 51 52 52 490 1 3
486 278 45 46 46 482 1 4
479 178 60 61 61 471 1 8
470 302 32 33 33 463 1 7
467 387 35 36 36 467 1 0
466 135 8 9 9 466 1 0
461 354 22 23 23 460 1 1
460 252 49 50 50 459 1 1
458 128 6 7 7 7 1 451
456 224 70 71 71 452 1 4
451 275 12 13 13 444 1 7
443 216 52 53 53 435 1 8
434 171 29 30 30 428 1 6
427 187 44 45 45 424 1 3
421 297 55 56 56 137 1 284
420 448 42 43 43 395 1 25
419 315 57 58 58 415 1 4
413 21 48 49 49 404 1 9
398 435 26 27 27 390 1 8
389 247 36 37 37 386 1 3
382 45 14 15 15 48 1 334
381 420 36 37 37 380 1 1
379 226 48 49 49 379 1 0
378 13 14 15 15 376 1 2
375 17 14 15 15 91 1 284
373 385 32 33 33 248 1 125
372 303 42 43 43 370 1 2
369 30 9 10 10 363 1 6
368 492 69 70 70 366 1 2
365 382 65 66 66 363 1 2
362 231 58 59 59 356 1 6
360 412 12 13 13 357 1 3
354 424 65 66 66 352 1 2
352 423 75 76 76 344 1 8
351 490 18 19 19 347 1 4
345 410 56 57 57 340 1 5
343 310 73 74 74 340 1 3
339 406 69 70 70 337 1 2
336 378 61 62 62 321 1 15
335 401 10 11 11 335 1 0
334 498 24 25 25 321 1 13
320 259 2 3 3 3 1 317
315 277 12 13 13 132 1 183
314 127 48 49 49 311 1 3
313 482 45 46 46 307 1 6
306 459 10 11 11 305 1 1
305 106 2 3 3 3 1 302
304 20 10 11 11 301 1 3
299 400 18 19 19 299 1 0
297 212 8 9 9 289 1 8
291 10 56 57 57 290 1 1
287 371 53 54 54 286 1 1
285 353 75 76 76 277 1 8
281 463 31 32 32 280 1 1
279 422 41 42 42 266 1 13
273 62 42 43 43 267 1 6
265 238 6 7 7 7 1 258
263 151 20 21 21 29 1 234
257 261 33 34 34 54 1 203
247 316 12 13 13 67 1 180
245 148 14 15 15 240 1 5
237 260 48 49 49 202 1 35
232 32 43 44 44 147 1 85
225 243 60 61 61 217 1 8
220 305 57 58 58 218 1 2
216 75 59 60 60 215 1 1
215 203 16 17 17 214 1 1
214 403 22 23 23 214 1 0
213 26 0 1 1 1 1 212
212 71 10 11 11 144 1 68
209 494 31 32 32 204 1 5
201 157 30 31 31 201 1 0
200 15 74 75 75 198 1 2
197 217 9 10 10 194 1 3
195 368 70 71 71 193 1 2
193 456 64 65 65 183 1 10
192 113 19 20 20 186 1 6
182 61 38 39 39 178 1 4
181 146 18 19 19 178 1 3
176 14 48 49 49 159 1 17
174 361 31 32 32 161 1 13
158 416 16 17 17 25 1 133
151 72 15 16 16 84 1 67
150 363 44 45 45 148 1 2
147 98 9 10 10 51 1 96
146 36 1 2 2 2 1 144
142 29 12 13 13 66 1 76
141 110 65 66 66 140 1 1
139 179 40 41 41 139 1 0
138 273 6 7 7 7 1 131
136 130 53 54 54 133 1 3
132 370 10 11 11 76 1 56
131 230 72 73 73 131 1 0
130 138 3 4 4 4 1 126
126 467 50 51 51 126 1 0
125 112 3 4 4 4 1 121
119 475 3 4 4 4 1 115
118 267 3 4 4 4 1 114
90 81 24 25 25 90 1 0
89 207 33 34 34 88 1 1
87 76 17 18 18 23 1 64
81 107 50 51 51 81 1 0
80 414 79 80 80 80 1 0
80 489 79 80 80 80 1 0
79 3 0 1 1 1 1 78
78 214 0 1 1 1 1 77
78 419 77 78 78 78 1 0
78 411 77 78 78 78 1 0
75 12 33 34 34 46 1 29
74 339 73 74 74 74 1 0
73 394 72 73 73 73 1 0
73 189 72 73 73 73 1 0
73 159 72 73 73 73 1 0
72 221 71 72 72 72 1 0
68 147 67 68 68 68 1 0
67 78 66 67 67 67 1 0
67 309 66 67 67 67 1 0
67 484 66 67 67 67 1 0
66 161 65 66 66 66 1 0
66 439 65 66 66 66 1 0
65 432 3 4 4 4 1 61
64 225 63 64 64 64 1 0
62 308 5 6 6 6 1 56
62 355 61 62 62 62 1 0
62 123 61 62 62 62 1 0
62 139 61 62 62 62 1 0
60 163 59 60 60 60 1 0
58 434 57 58 58 58 1 0
57 462 0 1 1 1 1 56
57 201 56 57 57 57 1 0
56 399 55 56 56 56 1 0
56 481 55 56 56 56 1 0
55 356 54 55 55 55 1 0
54 93 53 54 54 54 1 0
54 331 53 54 54 54 1 0
53 132 52 53 53 53 1 0
51 33 5 6 6 6 1 45
51 248 50 51 51 51 1 0
50 314 36 37 37 49 1 1
50 408 49 50 50 50 1 0
49 485 22 23 23 49 1 0
48 497 47 48 48 48 1 0
48 85 47 48 48 48 1 0
48 472 47 48 48 48 1 0
47 483 14 15 15 47 1 0
47 428 46 47 47 47 1 0
46 344 2 3 3 3 1 43
45 101 3 4 4 4 1 41
45 91 44 45 45 45 1 0
44 129 8 9 9 25 1 19
43 415 6 7 7 7 1 36
43 24 40 41 43 43 1 0
43 366 42 43 43 43 1 0
43 92 41 42 42 43 1 0
42 210 41 42 42 42 1 0
42 292 41 42 42 42 1 0
41 436 40 41 41 41 1 0
41 255 39 40 40 41 1 0
40 46 39 40 40 40 1 0
38 6 37 38 38 38 1 0
38 478 37 38 38 38 1 0
38 246 37 38 38 38 1 0
37 218 36 37 37 37 1 0
36 104 35 36 36 36 1 0
35 453 34 35 35 35 1 0
35 286 34 35 35 35 1 0
34 220 33 34 34 34 1 0
33 295 32 33 33 33 1 0
33 446 32 33 33 33 1 0
33 37 32 33 33 33 1 0
32 144 31 32 32 32 1 0
29 1 28 29 29 29 1 0
28 191 3 4 4 4 1 24
28 323 26 27 27 28 1 0
27 80 26 27 27 27 1 0
27 99 26 27 27 27 1 0
27 493 26 27 27 27 1 0
26 393 25 26 26 26 1 0
24 298 2 3 3 3 1 21
24 165 23 24 24 24 1 0
23 41 22 23 23 23 1 0
22 270 9 10 10 17 1 5
22 254 21 22 22 22 1 0
21 96 20 21 21 21 1 0
17 183 11 12 12 16 1 1
17 454 15 16 16 17 1 0
16 390 7 8 8 14 1 2
16 322 15 16 16 16 1 0
16 376 15 16 16 16 1 0
15 105 14 15 15 15 1 0
14 289 13 14 14 14 1 0
14 433 13 14 14 14 1 0
13 208 4 5 5 5 1 8
13 325 12 13 13 13 1 0
12 242 11 12 12 12 1 0
12 319 11 12 12 12 1 0
12 341 11 12 12 12 1 0
11 449 6 7 7 7 1 4
10 417 9 10 10 10 1 0
10 457 9 10 10 10 1 0
10 143 9 10 10 10 1 0
9 126 8 9 9 9 1 0
9 4 8 9 9 9 1 0
9 9 8 9 9 9 1 0
9 466 7 8 8 9 1 0
8 38 7 8 8 8 1 0
8 206 7 8 8 8 1 0
7 88 6 7 7 7 1 0
7 324 6 7 7 7 1 0
6 430 5 6 6 6 1 0
5 84 4 5 5 5 1 0
2 49 1 2 2 2 1 0
2 23 1 2 2 2 1 0
1 335 0 1 1 1 1 0
1 496 0 1 1 1 1 0
1 264 0 1 1 1 1 0
1 140 0 1 1 1 1 0
1 332 0 1 1 1 1 0

--- Statistics ---
Total orders placed: 500
Counts by type — ODG: 81 ODN: 79 OT: 94 OVC: 76 OVG: 77 OVN: 93
Total chefs: 30 (CS: 10, CN: 20)
Total scooters: 15 (single class in this build)
Total tables (initial free pool): 10
Percentage finished: 95.4%
Percentage cancelled: 4.6%
Percentage overwait (finished only; threshold Tf-Te > 40+8*size): 75.891%
Average Tf (finished): 602.411
Average Te (finished): 38.1111
Average Ter = Tf-Te (finished): 564.3
Chefs utilization % (busy = orders in cooking / chefs / timesteps): 0.514722%
Scooters utilization % (busy = not free and not maintenance / scooters / timesteps): 79.7528%
